>BATF_known1	BATF3_1	BATF3_jolma_DBD_M355
T 0.050441 0.123581 0.037831 0.788147
G 0.027778 0.013285 0.938406 0.020531
A 0.925234 0.025701 0.046729 0.002336
T 0.001364 0.000000 0.000000 0.998636
G 0.000000 0.000000 1.000000 0.000000
A 1.000000 0.000000 0.000000 0.000000
C 0.002008 0.997992 0.000000 0.000000
G 0.010610 0.000000 0.989390 0.000000
T 0.000000 0.000000 0.002882 0.997118
C 0.011450 0.979008 0.003817 0.005725
A 0.995261 0.000000 0.000000 0.004739
T 0.006623 0.051656 0.035762 0.905959
C 0.032086 0.926916 0.012478 0.028520
R 0.618718 0.041594 0.254766 0.084922
