>SPI1_known4	SPI1_4	SPI1_jolma_full_M123
R 0.644877 0.090701 0.186632 0.077790
A 0.911188 0.004761 0.069035 0.015016
A 0.992146 0.000393 0.001571 0.005890
A 0.980751 0.000000 0.000000 0.019249
A 0.899649 0.000739 0.002772 0.096840
G 0.008826 0.044308 0.946506 0.000360
M 0.272120 0.617393 0.110335 0.000152
G 0.005439 0.000188 0.993998 0.000375
G 0.000000 0.000188 0.999812 0.000000
A 0.999412 0.000392 0.000000 0.000196
A 0.998635 0.000195 0.000195 0.000975
G 0.000000 0.033880 0.965936 0.000184
T 0.004147 0.013626 0.002370 0.979857
W 0.507507 0.057658 0.146747 0.288088
